name: VideoObjectRemoval
channels:
  - pytorch
  - defaults
dependencies:
  - _libgcc_mutex=0.1=main
  - astroid=2.3.2=py36_0
  - blas=1.0=mkl
  - ca-certificates=2020.1.1=0
  - certifi=2019.11.28=py36_1
  - cffi=1.12.3=py36h2e261b9_0
  - cuda90=1.0=h6433d27_0
  - dbus=1.13.6=h746ee38_0
  - expat=2.2.6=he6710b0_0
  - fontconfig=2.13.0=h9420a91_0
  - freetype=2.9.1=h8a8886c_1
  - geos=3.8.0=he6710b0_0
  - glib=2.56.2=hd408876_0
  - gst-plugins-base=1.14.0=hbbd80ab_1
  - gstreamer=1.14.0=hb453b48_1
  - icu=58.2=h9c2bf20_1
  - intel-openmp=2019.4=243
  - isort=4.3.21=py36_0
  - jpeg=9b=h024ee3a_2
  - lazy-object-proxy=1.4.3=py36h7b6447c_0
  - ld_impl_linux-64=2.33.1=h53a641e_7
  - libedit=3.1.20181209=hc058e9b_0
  - libffi=3.2.1=hd88cf55_4
  - libgcc-ng=9.1.0=hdf63c60_0
  - libgfortran-ng=7.3.0=hdf63c60_0
  - libpng=1.6.37=hbc83047_0
  - libstdcxx-ng=9.1.0=hdf63c60_0
  - libtiff=4.0.10=h2733197_2
  - libuuid=1.0.3=h1bed415_2
  - libxcb=1.13=h1bed415_1
  - libxml2=2.9.9=hea5a465_1
  - mccabe=0.6.1=py36_1
  - mkl=2019.4=243
  - mkl-service=2.0.2=py36h7b6447c_0
  - mkl_fft=1.0.14=py36ha843d7b_0
  - mkl_random=1.0.2=py36hd81dba3_0
  - ncurses=6.1=he6710b0_1
  - ninja=1.9.0=py36hfd86e86_0
  - numpy-base=1.16.4=py36hde5b4d6_0
  - olefile=0.46=py36_0
  - openssl=1.1.1e=h7b6447c_0
  - pcre=8.43=he6710b0_0
  - pip=19.2.2=py36_0
  - pycparser=2.19=py36_0
  - pylint=2.4.3=py36_0
  - pyqt=5.9.2=py36h05f1152_2
  - python=3.6.9=h265db76_0
  - pytorch=0.4.1=py36_py35_py27__9.0.176_7.1.2_2
  - pytz=2019.2=py_0
  - qt=5.9.7=h5867ecd_1
  - readline=7.0=h7b6447c_5
  - setuptools=41.0.1=py36_0
  - shapely=1.6.4=py36hc5e8c75_0
  - sip=4.19.8=py36hf484d3e_0
  - sqlite=3.29.0=h7b6447c_0
  - tk=8.6.8=hbc83047_0
  - torchvision=0.2.1=py36_0
  - typed-ast=1.4.0=py36h7b6447c_0
  - wheel=0.33.4=py36_0
  - wrapt=1.11.2=py36h7b6447c_0
  - xz=5.2.4=h14c3975_4
  - zlib=1.2.11=h7b6447c_3
  - zstd=1.3.7=h0b5b093_0
  - pip:
    - absl-py==0.9.0
    - attrs==19.3.0
    - backcall==0.1.0
    - bleach==1.5.0
    - chardet==3.0.4
    - cycler==0.10.0
    - cython==0.29.16
    - decorator==4.4.2
    - defusedxml==0.6.0
    - entrypoints==0.3
    - ffmpeg-python==0.2.0
    - future==0.18.2
    - h5py==2.10.0
    - html5lib==0.9999999
    - idna==2.9
    - imageio==2.8.0
    - imageio-ffmpeg==0.4.1
    - importlib-metadata==1.6.0
    - ipykernel==5.2.0
    - ipython==7.13.0
    - ipython-genutils==0.2.0
    - ipywidgets==7.5.1
    - jedi==0.16.0
    - jinja2==2.11.1
    - jsonschema==3.2.0
    - jupyter==1.0.0
    - jupyter-client==6.1.2
    - jupyter-console==6.1.0
    - jupyter-core==4.6.3
    - keras==2.1.5
    - keras-applications==1.0.8
    - keras-preprocessing==1.1.0
    - kiwisolver==1.2.0
    - markdown==3.2.1
    - markupsafe==1.1.1
    - matplotlib==3.2.1
    - mistune==0.8.4
    - moviepy==1.0.2
    - nbconvert==5.6.1
    - nbformat==5.0.5
    - networkx==2.4
    - notebook==6.0.3
    - numpy==1.18.2
    - opencv-python==4.2.0.34
    - pandocfilters==1.4.2
    - parso==0.6.2
    - pexpect==4.8.0
    - pickleshare==0.7.5
    - pillow==7.1.1
    - proglog==0.1.9
    - prometheus-client==0.7.1
    - prompt-toolkit==3.0.5
    - protobuf==3.11.3
    - ptyprocess==0.6.0
    - pycocotools==2.0
    - pygments==2.6.1
    - pyparsing==2.4.6
    - pyrsistent==0.16.0
    - python-dateutil==2.8.1
    - pywavelets==1.1.1
    - pyyaml==5.3.1
    - pyzmq==19.0.0
    - qtconsole==4.7.2
    - qtpy==1.9.0
    - requests==2.23.0
    - scikit-image==0.16.2
    - scipy==1.2.1
    - send2trash==1.5.0
    - six==1.14.0
    - tensorflow-gpu==1.5.0
    - tensorflow-tensorboard==1.5.1
    - terminado==0.8.3
    - testpath==0.4.4
    - tornado==6.0.4
    - tqdm==4.45.0
    - traitlets==4.3.3
    - urllib3==1.25.8
    - wcwidth==0.1.9
    - werkzeug==1.0.1
    - widgetsnbextension==3.5.1
    - zipp==3.1.0
prefix: /home/cgvlab/anaconda3/envs/VideoObjectRemoval

